Interrupts Initialized
IMU initialization Completed
ESC Initialization Completed
Setup Finished!11.71
11.69
11.63
11.60
11.51
11.46
11.32
11.25
11.08
10.99
10.81
10.71
10.51
10.40
10.18
10.07
9.85
9.85
9.85
9.85
9.85
9.84
9.84
9.84
9.84
9.84
9.83
9.84
9.84
9.84
9.84
9.84
9.84
9.84
9.84
9.84
9.84
9.84
9.83
9.84
9.84
9.84
9.84
9.83
9.84
9.84
9.84
9.84
9.85
9.85
9.85
9.85
9.85
9.85
9.85
9.85
9.85
9.85
9.85
9.85
9.84
9.84
9.84
9.84
9.84
9.84
9.84
9.84
9.84
9.84
9.83
9.83
9.84
9.84
9.84
9.84
9.85
9.85
9.85
9.85
9.85
9.84
9.84
9.84
9.84
9.84
9.84
9.84
9.84
9.84
9.84
9.84
9.84
9.84
9.84
9.84
9.84
9.84
9.84
9.84
9.84
9.84
9.84
9.84
9.84
9.84
9.84
9.84
9.84
9.84
9.84
9.84
9.84
9.84
9.84
9.84
9.84
9.85
9.85
9.85
9.85
9.85
9.85
9.85
9.85
9.85
9.85
9.85
9.85
9.85
9.85
9.85
9.84
9.84
9.84
9.84
9.84
9.84
9.84
9.84
9.84
9.84
9.84
9.84
9.84
9.84
9.84
9.84
9.84
9.85
9.85
9.85
9.85
9.85
9.85
9.84
9.84
9.84
9.84
9.84
9.85
9.85
9.84
9.84
9.84
9.84
9.84
9.84
9.84
9.84
9.84
9.84
9.84
9.84
9.84
9.84
9.84
9.84
9.84
9.85
9.85
9.85
9.85
9.85
9.85
9.85
9.85
9.85
9.86
9.86
9.86
9.86
9.86
9.86
9.85
9.85
9.85
9.85
9.85
9.85
9.85
9.85
9.85
9.85
9.85
9.85
9.85
9.84
9.84
9.84
9.85
9.85
9.85
9.85
9.85
9.85
9.85
9.84
9.84
9.84
9.84
9.84
9.84
9.84
9.84
9.84
9.84
9.84
9.85
9.85
9.85
9.85
9.85
9.85
9.84
9.84
9.84
9.84
9.85
9.85
9.85
9.85
9.85
9.85
9.85
9.85
9.84
9.84
9.84
9.84
9.85
9.85
9.85
9.85
9.85
9.85
9.84
9.84
9.84
9.84
9.84
9.84
9.84
9.84
9.84
9.84
9.84
9.84
9.84
9.84
9.84
9.84
9.84
9.84
9.84
9.84
9.84
9.84
9.84
9.85
9.84
9.84
9.84
9.84
9.84
9.84
9.84
9.84
9.84
9.84
9.85
9.85
9.85
9.84
9.84
9.84
9.84
9.84
9.84
9.84
9.84
9.84
9.84
9.84
9.84
9.84
9.84
9.84
9.84
9.84
9.84
9.84
9.84
9.84
9.84
9.84
9.85
9.85
9.84
9.84
9.84
9.85
9.84
9.84
9.84
9.84
9.84
9.84
9.84
9.84
9.84
9.84
9.84
9.84
9.84
9.84
9.84
9.84
9.84
9.84
9.84
9.84
9.84
9.84
9.84
9.84
9.84
9.84
9.84
9.84
9.84
9.85
9.84
9.84
9.84
9.85
9.85
9.85
9.85
9.85
9.86
9.86
9.86
9.86
9.86
9.86
9.86
9.86
9.86
9.86
9.86
9.86
9.85
9.85
9.85
9.85
9.85
9.85
9.85
9.85
9.84
9.84
9.84
9.84
9.84
9.84
9.84
9.84
9.84
9.84
9.84
9.84
9.84
9.84
9.84
9.84
9.84
9.84
9.84
9.84
9.83
9.84
9.84
9.84
9.84
9.84
9.84
9.84
9.84
9.84
9.84
9.84
9.84
9.84
9.84
9.84
9.84
9.84
9.84
9.84
9.84
9.84
9.84
9.84
9.84
9.84
9.84
9.84
9.84
9.84
9.84
9.84
9.84
9.84
9.84
9.84
9.84
9.84
9.84
9.84
9.84
9.84
9.84
9.84
9.84
9.84
9.84
9.84
9.84
9.84
9.84
9.84
9.84
9.84
9.84
9.84
9.84
9.84
9.84
9.84
9.84
9.84
9.84
9.84
9.84
9.84
9.84
9.84
9.84
9.85
9.85
9.85
9.85
9.85
9.85
9.85
9.85
9.85
9.85
9.85
9.85
9.85
9.84
9.84
9.84
9.84
9.84
9.85
9.85
9.84
9.84
9.84
9.84
9.84
9.84
9.84
9.84
9.84
9.84
9.84
9.84
9.84
9.84
9.84
9.84
9.84
9.84
9.84
9.84
9.84
9.85
9.85
9.85
9.85
9.85
9.85
9.84
9.84
9.84
9.84
9.84
9.84
9.84
9.84
9.84
9.84
9.84
9.84
9.84
9.84
9.84
9.84
9.84
9.84
9.84
9.84
9.84
9.84
9.84
9.84
9.84
9.84
9.84
9.84
9.84
9.84
9.84
9.84
9.84
9.84
9.84
9.84
9.84
9.84
9.84
9.84
9.84
9.84
9.84
9.84
9.84
9.84
9.84
9.84
9.84
9.84
9.84
9.84
9.84
9.84
9.84
9.84
9.85
9.85
9.85
9.85
9.85
9.85
9.84
9.84
9.85
9.85
9.85
9.85
9.85
9.85
9.84
9.85
9.85
9.85
9.84
9.84
9.84
9.84
9.84
9.84
9.84
9.84
9.84
9.84
9.85
9.85
9.86
9.86
9.86
9.86
9.86
9.86
9.86
9.86
9.86
9.85
9.85
9.85
9.86
9.86
9.87
9.87
9.87
9.87
9.86
9.86
9.85
9.84
9.84
9.84
9.86
9.87
9.89
9.89
9.83
9.80
9.82
9.83
9.85
9.83
9.80
9.79
9.80
9.81
9.83
9.84
9.82
9.80
9.77
9.79
9.83
9.86
9.87
9.85
9.81
9.80
9.84
9.85
9.87
9.86
9.85
9.84
9.84
9.84
9.86
9.86
9.85
9.84
9.83
9.84
9.85
9.85
9.85
9.85
9.85
9.85
9.85
9.85
9.85
9.85
9.86
9.85
9.85
9.85
9.85
9.85
9.84
9.84
9.85
9.85
9.85
9.85
9.85
9.85
9.85
9.85
9.84
9.84
9.84
9.84
9.84
9.84
9.85
9.84
9.84
9.84
9.84
9.83
9.84
9.84
9.84
9.84
9.84
9.84
9.84
9.84
9.84
9.84
9.84
9.85
9.85
9.85
9.85
9.85
9.84
9.84
9.84
9.84
9.84
9.84
9.84
9.84
9.84
9.84
9.84
9.84
9.83
9.84
9.84
9.84
9.84
9.84
9.84
9.84
9.84
9.84
9.84
9.84
9.84
9.85
9.85
9.85
9.85
9.84
9.84
9.84
9.84
9.84
9.84
9.84
9.83
9.83
9.83
9.83
9.82
9.82
9.82
9.82
9.83
9.83
9.83
9.84
9.84
9.84
9.83
9.83
9.83
9.83
9.84
9.84
9.84
9.84
9.84
9.84
9.84
9.84
9.84
9.84
9.84
9.84
9.84
9.84
9.84
9.84
9.84
9.84
9.85
9.85
9.85
9.85
9.85
9.85
9.85
9.84
9.84
9.84
9.84
9.84
9.84
9.84
9.85
9.85
9.85
9.84
9.84
9.84
9.84
9.84
9.84
9.84
9.84
9.84
9.84
9.84
9.84
9.84
9.84
9.83
9.83
9.84
9.84
9.84
9.84
9.84
9.84
9.84
9.84
9.84
9.84
9.84
9.84
9.84
9.84
9.84
9.84
9.84
9.84
9.84
9.84
9.84
9.85
9.85
9.85
9.84
9.84
9.84
9.84
9.84
9.84
9.83
9.84
9.84
9.83
9.83
9.84
9.84
9.84
9.84
9.84
9.84
9.84
9.84
9.85
9.84
9.84
9.84
9.84
9.84
9.84
9.85
9.85
9.85
9.84
9.84
9.84
9.84
9.84
9.83
9.84
9.84
9.84
9.84
9.84
9.84
9.84
9.84
9.84
9.84
9.84
9.84
9.83
9.84
9.84
9.84
9.84
9.84
9.85
9.85
9.85
9.85
9.84
9.84
9.84
9.84
9.84
9.84
9.85
9.85
9.84
9.84
9.84
9.84
9.84
9.85
9.84
9.84
9.84
9.84
9.84
9.84
9.84
9.84
9.84
9.84
9.84
9.84
9.85
9.85
9.84
9.84
9.83
9.83
9.83
9.83
9.83
9.83
9.84
9.84
9.85
9.85
9.85
9.85
9.84
9.84
9.84
9.84
9.84
9.84
9.85
9.85
9.85
9.84
9.84
9.84
9.84
9.84
9.84
9.84
9.84
9.84
9.84
9.84
9.84
9.84
9.84
9.84
9.84
9.84
9.85
9.85
9.85
9.85
9.84
9.84
9.84
9.84
9.85
9.85
9.85
9.85
9.84
9.84
9.84
9.84
9.84
9.84
9.84
9.84
9.84
9.84
9.83
9.83
9.83
9.83
9.83
9.83
9.84
9.84
9.84
9.84
9.84
9.84
9.84
9.84
9.84
9.84
9.85
9.85
9.85
9.85
9.84
9.84
9.84
9.84
9.83
9.83
9.83
9.83
9.84
9.84
9.84
9.84
9.83
9.83
9.83
9.84
9.84
9.84
9.84
9.84
9.85
9.85
9.84
9.84
9.84
9.84
9.84
9.84
9.84
9.85
9.85
9.84
9.84
9.84
9.84
9.84
9.84
9.84
9.84
9.85
9.85
9.84
9.84
9.84
9.84
9.84
9.84
9.84
9.84
9.84
9.84
9.84
9.84
9.84
9.83
9.84
9.84
9.84
9.84
9.84
9.84
9.84
9.84
9.84
9.84
9.84
9.84
9.85
9.85
9.85
9.85
9.85
9.85
9.84
9.84
9.84
9.84
9.84
9.85
9.85
9.85
9.85
9.84
9.84
9.84
9.84
9.84
9.84
9.85
9.85
9.85
9.85
9.84
9.84
9.84
9.84
9.84
9.84
9.85
9.85
9.85
9.85
9.84
9.84
9.84
9.84
9.84
9.84
9.84
9.84
9.84
9.84
9.83
9.83
9.83
9.83
9.83
9.83
9.84
9.84
9.84
9.84
9.84
9.84
9.83
9.83
9.84
9.84
9.84
9.84
9.84
9.84
9.84
9.84
9.84
9.84
9.84
9.84
9.84
9.84
9.84
9.84
9.85
9.85
9.85
9.84
9.84
9.84
9.84
9.84
9.84
9.84
9.85
9.85
9.84
9.84
9.84
9.84
9.84
9.84
9.84
9.84
9.84
9.84
9.84
9.83
9.83
9.83
9.83
9.84
9.84
9.84
9.84
9.84
9.84
9.84
9.84
9.84
9.85
9.85
9.85
9.85
9.85
9.85
9.85
9.85
9.85
9.85
9.85
9.85
9.85
9.84
9.84
9.84
9.84
9.84
9.83
9.84
9.84
9.84
9.84
9.84
9.84
9.84
9.84
9.84
9.84
9.84
9.84
9.84
9.84
9.84
9.84
9.84
9.84
9.84
9.83
9.83
9.83
9.83
9.83
9.83
9.83
9.83
9.83
9.83
9.83
9.83
9.83
9.83
9.83
9.83
9.84
9.84
9.84
9.84
9.84
9.84
9.84
9.84
9.84
9.84
9.84
9.84
9.84
9.84
9.84
9.84
9.84
9.84
9.85
9.85
9.85
9.85
9.85
9.85
9.85
9.84
9.84
9.84
9.84
9.84
9.84
9.84
9.84
9.84
9.84
9.84
9.84
9.84
9.84
9.84
9.84
9.84
9.84
9.84
9.84
9.84
9.84
9.84
9.84
9.84
9.84
9.84
9.84
9.84
9.84
9.84
9.83
9.83
9.83
9.83
9.84
9.84
9.84
9.84
9.84
9.84
9.84
9.84
9.84
9.84
9.84
9.84
9.84
9.84
9.84
9.84
9.84
9.84
9.84
9.83
9.83
9.83
9.83
9.83
9.83
9.83
9.83
9.83
9.83
9.83
9.83
9.83
9.83
9.83
9.83
9.83
9.84
9.84
9.84
9.84
9.84
9.84
9.84
9.84
9.84
9.84
9.84
9.84
9.85
9.84
9.84
9.84
9.84
9.84
9.84
9.84
9.84
9.84
9.84
9.84
9.84
9.84
9.84
9.84
9.84
9.84
9.84
9.84
9.84
9.84
9.85
9.85
9.84
9.84
9.84
9.84
9.84
9.84
9.84
9.84
9.84
9.84
9.85
9.85
9.85
9.85
9.85
9.85
9.85
9.85
9.85
9.84
9.84
9.84
9.84
9.84
9.84
9.84
9.84
9.85
9.85
9.85
9.85
9.84
9.84
9.84
9.85
9.85
9.85
9.85
9.85
9.85
9.86
9.87
9.87
9.87
9.87
9.86
9.88
9.89
10.00
10.09
10.27
10.32
10.41
10.45
10.62
10.76
11.04
11.19
11.52
11.70
12.20
12.41
12.83
13.05
13.44
13.61
13.84
13.95
14.25
14.40
14.70
14.72
14.75
14.75
14.69
14.63
14.43
14.28
14.02
13.88
13.54
13.36
13.00
12.83
12.48
12.28
11.92
11.75
11.47
11.33
11.10
11.01
10.85
10.78
10.67
10.63
10.56
10.53
10.51
10.49
10.47
10.47
10.48
10.48
10.48
10.48
10.46
10.45
10.40
10.37
10.29
10.26
10.16
10.10
9.98
9.94
9.87
9.85
9.82
9.81
9.78
9.77
9.71
9.68
9.61
9.59
9.54
9.52
9.51
9.52
9.56
9.58
9.60
9.59
9.57
9.54
9.48
9.44
9.37
9.34
9.29
9.27
9.21
9.18
9.11
9.06
8.96
8.90
8.78
8.72
8.59
8.53
8.42
8.36
8.25
8.21
8.11
8.06
7.96
7.92
7.82
7.78
7.69
7.64
7.55
7.52
7.44
7.41
7.35
7.32
7.28
7.25
7.21
7.19
7.15
7.13
7.09
7.07
7.04
7.03
7.02
7.01
7.01
7.02
7.04
7.05
7.08
7.10
7.13
7.14
7.17
7.17
7.19
7.19
7.21
7.22
7.25
7.26
7.32
7.36
7.43
7.47
7.54
7.58
7.65
7.68
7.78
7.83
7.95
8.02
8.16
8.23
8.38
8.45
8.59
8.65
8.77
8.83
8.94
9.00
9.12
9.19
9.32
9.39
9.51
9.57
9.68
9.73
9.83
9.87
9.96
10.01
10.09
10.12
10.18
10.21
10.25
10.27
10.29
10.29
10.29
10.29
10.29
10.29
10.27
10.26
10.24
10.23
10.20
10.19
10.16
10.15
10.13
10.12
10.10
10.09
10.09
10.09
10.08
10.08
10.08
10.08
10.08
10.07
10.07
10.06
10.05
10.04
10.02
10.01
9.99
9.98
9.96
9.95
9.94
9.93
9.91
9.90
9.89
9.88
9.86
9.85
9.84
9.83
9.83
9.82
9.82
9.82
9.81
9.81
9.80
9.80
9.79
9.79
9.79
9.79
9.80
9.80
9.81
9.81
9.82
9.82
9.82
9.81
9.80
9.79
9.77
9.77
9.75
9.75
9.74
9.74
9.73
9.73
9.72
9.72
9.71
9.71
9.72
9.72
9.73
9.74
9.76
9.77
9.78
9.79
9.80
9.80
9.80
9.80
9.79
9.79
9.78
9.78
9.77
9.77
9.78
9.78
9.79
9.79
9.79
9.79
9.79
9.79
9.79
9.80
9.81
9.82
9.82
9.83
9.83
9.83
9.84
9.84
9.83
9.83
9.82
9.82
9.81
9.80
9.79
9.79
9.78
9.77
9.76
9.76
9.75
9.74
9.73
9.72
9.70
9.69
9.66
9.65
9.62
9.60
9.56
9.54
9.50
9.49
9.45
9.43
9.40
9.39
9.36
9.35
9.33
9.32
9.28
9.27
9.23
9.21
9.17
9.15
9.11
9.09
9.04
9.01
8.96
8.94
8.89
8.87
8.82
8.80
8.77
8.76
8.74
8.73
8.73
8.73
8.73
8.74
8.75
8.77
8.80
8.82
8.85
8.87
8.88
8.88
8.87
8.86
8.84
8.83
8.82
8.82
8.82
8.82
8.82
8.83
8.82
8.81
8.78
8.75
8.72
8.70
8.65
8.64
8.62
8.62
8.62
8.62
8.63
8.65
8.67
8.69
8.73
8.75
8.79
8.81
8.87
8.90
8.99
9.05
9.17
9.23
9.35
9.40
9.50
9.54
9.57
9.59
9.59
9.59
9.59
9.60
9.63
9.65
9.69
9.71
9.74
9.75
9.75
9.75
9.75
9.75
9.75
9.75
9.76
9.76
9.78
9.80
9.81
9.80
9.82
9.83
9.85
9.86
9.87
9.87
9.88
9.88
9.87
9.87
9.88
9.89
9.92
9.94
9.97
10.00
10.03
10.04
10.04
10.04
10.02
10.01
9.99
9.99
9.98
10.00
10.03
10.05
10.10
10.12
10.16
10.18
10.20
10.21
10.23
10.24
10.28
10.30
10.36
10.39
10.46
10.50
10.56
10.58
10.62
10.64
10.66
10.67
10.69
10.69
10.71
10.72
10.76
10.78
10.83
10.86
10.91
10.93
10.98
11.00
11.03
11.04
11.03
11.03
11.00
10.97
10.91
10.87
10.77
10.71
10.64
10.63
10.56
10.53
10.54
10.52
10.48
10.47
10.48
10.49
10.50
10.51
10.56
10.58
10.64
10.68
10.78
10.78
10.82
10.83
10.82
10.78
10.77
10.76
10.68
10.65
10.58
10.55
10.49
10.45
10.62
10.83
11.28
11.54
11.17
10.98
10.86
10.80
10.69
10.62
10.54
10.51
10.48
10.49
10.38
10.32
10.56
10.44
10.10
9.88
9.86
10.06
10.32
10.39
10.42
10.38
10.42
10.43
10.39
10.35
10.34
10.40
10.36
10.27
10.14
10.10
9.92
9.83
9.72
9.68
9.61
9.66
9.72
9.73
9.76
9.79
9.94
10.01
9.99
9.97
9.91
9.89
9.88
9.91
9.93
9.92
9.91
9.90
9.89
9.88
9.90
9.92
9.89
9.85
9.82
9.83
9.85
9.85
9.85
9.84
9.83
9.82
9.82
9.83
9.85
9.86
9.87
9.87
9.86
9.85
9.84
9.84
9.83
9.83
9.83
9.83
9.84
9.85
9.85
9.85
9.84
9.84
9.85
9.85
9.85
9.85
9.85
9.85
9.85
9.84
9.84
9.84
9.84
9.84
9.84
9.85
9.85
9.85
9.85
9.85
9.84
9.84
9.84
9.84
9.85
9.85
9.85
9.85
9.85
9.85
9.84
9.84
9.84
9.84
9.84
9.84
9.84
9.84
9.84
9.84
9.84
9.84
9.84
9.85
9.85
9.85
9.85
9.85
9.85
9.84
9.84
9.84
9.84
9.84
9.85
9.85
9.85
9.85
9.85
9.85
9.84
9.84
9.84
9.84
9.84
9.84
9.79
9.76
9.69
9.79
9.91
9.93
9.89
9.83
9.81
9.81
9.80
9.81
9.82
9.82
9.83
9.84
9.88
9.91
9.94
9.96
9.74
9.73
9.70
9.78
9.86
9.87
9.87
9.86
9.85
9.84
9.84
9.83
9.80
9.81
9.83
9.86
9.89
9.89
9.86
9.84
9.80
9.78
9.79
9.81
9.83
9.85
9.86
9.87
9.87
9.86
9.85
9.85
9.82
9.83
9.83
9.85
9.87
9.89
9.89
9.88
9.86
9.85
9.83
9.83
9.83
9.83
9.85
9.85
9.85
9.85
9.83
9.83
9.82
9.82
9.83
9.84
9.86
9.86
9.85
9.85
9.84
9.83
9.82
9.81
9.82
9.82
9.84
9.85
9.86
9.86
9.85
9.85
9.84
9.84
9.84
9.85
9.85
9.85
9.86
9.86
9.86
9.85
9.83
9.83
9.82
9.83
9.85
9.84
9.84
9.84
9.83
9.83
9.83
9.83
9.84
9.85
9.85
9.85
9.85
9.85
9.85
9.85
9.83
9.83
9.84
9.84
9.85
9.85
9.86
9.86
9.85
9.84
9.83
9.82
9.82
9.81
9.81
9.81
9.83
9.83
9.84
9.84
9.82
9.80
9.75
9.71
9.74
9.76
9.88
9.88
9.87
9.87
9.88
9.87
9.85
9.83
9.81
9.79
9.78
9.80
9.84
9.87
9.88
9.87
9.81
9.76
9.79
9.81
9.82
9.82
9.84
9.86
9.88
9.88
9.88
9.88
9.87
9.86
9.87
9.87
9.88
9.87
9.86
9.85
9.84
9.84
9.83
9.82
9.82
9.81
9.82
9.82
9.82
9.83
9.85
9.86
9.87
9.87
9.87
9.87
9.86
9.85
9.84
9.84
9.84
9.84
9.85
9.86
9.86
9.87
9.87
9.86
9.85
9.85
9.84
9.84
9.83
9.83
9.84
9.85
9.85
9.86
9.86
9.86
9.85
9.85
9.84
9.84
9.83
9.83
9.83
9.83
9.84
9.84
9.84
9.85
9.85
9.85
9.85
9.85
9.84
9.84
9.85
9.84
9.84
9.84
9.84
9.84
9.84
9.84
9.84
9.84
9.84
9.85
9.84
9.85
9.85
9.85
9.85
9.85
9.84
9.84
9.84
9.84
9.84
9.84
9.84
9.84
9.85
9.84
9.84
9.83
9.83
9.83
9.83
9.84
9.84
9.84
9.85
9.86
9.87
9.87
9.86
9.85
9.83
9.83
9.83
9.83
9.84
9.84
9.84
9.84
9.84
9.84
9.84
9.84
9.82
9.81
9.80
9.82
9.84
9.85
9.86
9.85
9.86
9.86
9.85
9.85
9.84
9.84
9.85
9.85
9.85
9.85
9.85
9.85
9.85
9.85
9.84
9.84
9.84
9.84
9.84
9.84
9.84
9.84
9.84
9.84
9.84
9.84
9.84
9.83
9.83
9.83
9.83
9.83
9.84
9.84
9.84
9.84
9.84
9.83
9.83
9.84
9.84
9.84
9.85
9.85
9.85
9.84
9.84
9.84
9.84
9.84
9.84
9.84
9.85
9.85
9.85
9.85
9.85
9.84
9.83
9.83
9.83
9.83
9.83
9.83
9.83
9.83
9.83
9.83
9.83
9.84
9.85
9.85
9.85
9.84
9.85
9.85
9.85
9.85
9.85
9.85
9.86
9.86
9.86
9.85
9.85
9.85
9.83
9.83
9.83
9.84
9.85
9.85
9.84
9.84
9.84
9.83
9.83
9.82
9.83
9.83
9.84
9.84
9.84
9.84
9.84
9.83
9.83
9.83
9.83
9.84
9.84
9.84
9.85
9.85
9.85
9.85
9.84
9.84
9.84
9.84
9.85
9.85
9.85
9.85
9.85
9.85
9.85
9.85
9.85
9.85
9.84
9.85
9.85
9.85
9.85
9.85
9.85
9.85
9.84
9.84
9.84
9.84
9.84
9.84
9.84
9.84
9.84
9.84
9.84
9.84
9.85
9.85
9.85
9.85
9.85
9.85
9.85
9.85
9.84
9.84
9.84
9.84
9.85
9.85
9.85
9.85
9.85
9.85
9.84
9.84
9.84
9.84
9.84
9.84
9.85
9.85
9.85
9.85
9.85
9.85
9.85
9.85
9.84
9.84
9.84
9.84
9.84
9.84
9.83
9.83
9.83
9.83
9.84
9.84
9.83
9.83
9.83
9.83
9.83
9.84
9.84
9.84
9.84
9.85
9.86
9.86
9.86
9.86
9.85
9.85
9.85
9.85
9.85
9.85
9.85
9.85
9.85
9.85
9.85
9.85
9.84
9.84
9.83
9.83
9.84
9.84
9.84
9.84
9.85
9.85
9.85
9.85
9.84
9.84
9.84
9.84
9.84
9.84
9.84
9.84
9.84
9.84
9.84
9.84
9.84
9.84
9.84
9.84
9.83
9.83
9.84
9.84
9.84
9.84
9.84
9.84
9.84
9.84
9.84
9.84
9.83
9.83
9.83
9.83
9.83
9.83
9.83
9.83
9.83
9.83
9.83
9.83
9.83
9.84
9.84
9.84
9.84
9.84
9.84
9.85
9.85
9.85
9.85
9.85
9.85
9.85
9.85
9.85
9.85
9.85
9.85
9.85
9.85
9.85
9.85
9.84
9.84
9.84
9.83
9.83
9.83
9.84
9.84
9.84
9.84
9.83
9.83
9.83
9.83
9.83
9.83
9.83
9.83
9.83
9.84
9.84
9.84
9.84
9.84
9.84
9.84
9.84
9.84
9.84
9.84
9.84
9.84
9.84
9.84
9.84
9.84
9.84
9.84
9.85
9.85
9.85
9.85
9.85
9.85
9.85
9.84
9.84
9.84
9.84
9.84
9.84
9.84
9.84
9.84
9.84
9.84
9.84
9.83
9.83
9.84
9.84
9.84
9.84
9.84
9.84
9.84
9.84
9.84
9.84
9.84
9.84
9.84
9.84
9.84
9.84
9.84
9.83
9.84
9.84
9.84
9.84
9.84
9.84
9.84
9.84
9.84
9.84
9.84
9.84
9.84
9.84
9.84
9.84
9.85
9.85
9.85
9.85
9.85
9.85
9.85
9.85
9.85
9.85
9.85
9.85
9.85
9.85
9.85
9.85
9.84
9.84
9.84
9.84
9.84
9.84
9.83
9.83
9.84
9.84
9.84
9.84
9.84
9.84
9.84
9.84
9.84
9.84
9.84
9.84
9.84
9.84
9.84
9.84
9.84
9.84
9.83
9.83
9.84
9.84
9.84
9.84
9.85
9.85
9.85
9.84
9.84
9.84
9.83
9.83
9.84
9.84
9.84
9.84
9.84
9.84
9.83
9.83
9.83
9.83
9.83
9.83
9.83
9.83
9.83
9.84
9.84
9.84
9.84
9.84
9.84
9.84
9.85
9.85
9.85
9.85
9.84
9.84
9.84
9.84
9.84
9.84
9.84
9.84
9.85
9.85
9.84
9.84
9.84
9.84
9.84
9.84
9.84
9.84
9.84
9.84
9.84
9.84
9.84
9.83
9.83
9.83
9.83
9.83
9.83
9.83
9.84
9.84
9.84
9.84
9.84
9.84
9.84
9.84
9.84
9.84
9.85
9.85
9.85
9.85
9.85
9.84
9.83
9.83
9.83
9.83
9.83
9.83
9.84
9.84
9.85
9.85
9.85
9.85
9.84
9.84
9.84
9.84
9.84
9.84
9.85
9.84
9.84
9.84
9.84
9.84
9.84
9.84
9.85
9.85
9.85
9.85
9.84
9.84
9.83
9.83
9.83
9.83
9.83
9.84
9.84
9.84
9.83
9.83
9.82
9.81
9.81
9.81
9.82
9.83
9.85
9.85
9.85
9.85
9.85
9.85
9.84
9.84
9.84
9.84
9.85
9.85
9.85
9.85
9.85
9.84
9.83
9.83
9.83
9.83
9.84
9.84
9.85
9.85
9.85
9.85
9.85
9.85
9.84
9.84
9.85
9.85
9.85
9.85
9.84
9.84
9.84
9.84
9.84
9.84
9.84
9.85
9.85
9.85
9.85
9.85
9.85
9.85
9.85
9.85
9.85
9.85
9.84
9.84
9.84
9.84
9.85
9.85
9.85
9.85
9.85
9.85
9.85
9.85
9.85
9.85
9.85
9.85
9.85
9.85
9.86
9.85
9.85
9.85
9.85
9.85
9.85
9.84
9.84
9.84
9.84
9.84
9.83
9.83
9.83
9.83
9.83
9.83
9.83
9.84
9.84
9.84
9.84
9.84
9.85
9.85
9.85
9.85
9.85
9.85
9.85
9.85
9.85
9.84
9.84
9.84
9.84
9.84
9.84
9.84
9.84
9.84
9.84
9.84
9.84
9.84
9.84
9.84
9.84
9.84
9.84
9.84
9.84
9.84
9.84
9.84
9.84
9.84
9.84
9.84
9.83
9.83
9.83
9.83
9.83
9.83
9.84
9.84
9.84
9.84
9.84
9.84
9.84
9.84
9.84
9.84
9.84
9.84
9.84
9.84
9.84
9.84
9.84
9.84
9.84
9.84
9.84
9.84
9.85
9.85
9.85
9.85
9.85
9.85
9.85
9.85
9.85
9.84
9.84
9.84
9.84
9.84
9.85
9.85
9.85
9.85
9.85
9.85
9.85
9.85
9.84
9.84
9.84
9.84
9.84
9.84
9.84
9.84
9.84
9.83
9.83
9.83
9.83
9.83
9.83
9.83
9.83
9.83
9.83
9.83
9.83
9.83
9.84
9.84
9.84
9.84
9.84
9.84
9.84
9.84
9.84
9.84
9.84
9.84
9.84
9.84
9.84
9.84
9.84
9.84
9.84
9.84
9.84
9.84
9.84
9.84
9.84
9.84
9.84
9.84
9.84
9.84
9.85
9.85
9.85
9.85
9.85
9.85
9.85
9.85
9.85
9.85
9.85
9.85
9.85
9.85
9.85
9.84
9.84
9.84
9.84
9.84
9.84
9.84
9.84
9.84
9.83
9.83
9.83
9.83
9.84
9.84
9.84
9.84
9.84
9.84
9.84
9.84
9.84
9.84
9.85
9.84
9.84
9.85
9.85
9.85
9.85
9.85
9.85
9.85
9.85
9.85
9.84
9.84
9.84
9.84
9.84
9.84
9.84
9.85
9.85
9.85
9.84
9.84
9.84
9.84
9.84
9.84
9.84
9.84
9.85
9.85
9.85
9.85
9.84
9.84
9.84
9.84
9.84
9.84
9.85
9.85
9.85
9.85
9.84
9.84
9.84
9.84
9.84
9.84
9.85
9.85
9.85
9.84
9.84
9.84
9.85
9.85
9.85
9.85
9.85
9.85
9.85
9.85
9.86
9.86
9.86
9.86
9.85
9.85
9.85
9.85
9.85
9.84
9.84
9.84
9.83
9.83
9.83
9.83
9.83
9.83
9.84
9.84
9.84
9.85
9.85
9.85
9.85
9.85
9.85
9.85
9.85
9.86
9.86
9.85
9.85
9.85
9.84
9.84
9.83
9.83
9.83
9.83
9.83
9.83
9.83
9.83
9.84
9.84
9.84
9.84
9.84
9.84
9.84
9.84
9.83
9.83
9.84
9.84
9.84
9.84
9.85
9.85
9.85
9.85
9.86
9.85
9.85
9.85
9.85
9.85
9.85
9.85
9.85
9.84
9.85
9.85
9.85
9.85
9.84
9.84
9.84
9.83
9.83
9.83
9.83
9.84
9.84
9.84
9.84
9.84
9.84
9.84
9.84
9.84
9.84
9.84
9.84
9.84
9.84
9.84
9.84
9.84
9.84
9.84
9.85
9.85
9.85
9.85
9.85
9.84
9.84
9.84
9.84
9.84
9.84
9.84
9.84
9.84
9.84
9.84
9.84
9.84
9.84
9.84
9.84
9.84
9.84
9.84
9.84
9.84
9.84
9.84
9.84
9.84
9.84
9.84
9.85
9.85
9.84
9.84
9.84
9.84
9.84
9.84
9.84
9.84
9.84
9.84
9.84
9.84
9.84
9.84
9.84
9.84
9.84
9.84
9.84
9.85
9.85
9.85
9.85
9.85
9.85
9.85
9.85
9.85
9.86
9.85
9.85
9.85
9.84
9.84
9.83
9.83
9.83
9.84
9.84
9.84
9.84
9.84
9.84
9.84
9.84
9.84
9.84
9.84
9.85
9.85
9.85
9.85
9.85
9.85
9.85
9.85
9.84
9.84
9.84
9.84
9.83
9.83
9.84
9.84
9.84
9.84
9.84
9.84
9.84
9.84
9.84
9.84
9.84
9.85
9.85
9.85
9.84
9.85
9.85
9.85
9.85
9.85
9.85
9.85
9.85
9.85
9.85
9.85
9.85
9.85
9.85
9.85
9.85
9.85
9.85
9.85
9.85
9.85
9.84
9.84
9.84
9.84
9.83
9.83
9.84
9.84
9.84
9.84
9.84
9.84
9.84
9.84
9.84
9.84
9.83
9.83
9.83
9.83
9.83
9.84
9.84
9.84
9.84
9.85
9.85
9.84
9.84
9.84
9.84
9.84
9.84
9.84
9.84
9.84
9.85
9.85
9.84
9.84
9.84
9.84
9.84
9.84
9.84
9.84
9.84
9.84
9.84
9.84
9.85
9.85
9.85
9.85
9.85
9.85
9.84
9.84
9.84
9.84
9.84
9.84
9.84
9.83
9.83
9.84
9.85
9.86
9.86
9.86
9.85
9.85
9.85
9.85
9.84
9.84
9.84
9.85
9.85
9.86
9.86
9.87
9.85
9.84
9.84
9.84
9.84
9.84
9.84
9.84
9.84
9.85
9.85
9.85
9.85
9.85
9.84
9.85
9.85
9.85
9.85
9.85
9.85
9.85
9.85
9.85
9.85
9.85
9.85
9.85
9.85
9.85
9.84
9.84
9.84
9.84
9.85
9.85
9.85
9.85
9.85
9.85
9.85
9.84
9.84
9.84
9.84
9.84
9.84
9.84
9.84
9.84
9.83
9.83
9.83
9.83
9.83
9.84
9.84
9.84
9.84
9.84
9.84
9.84
9.84
9.84
9.85
9.85
9.85
9.85
9.85
9.85
9.84
9.84
9.84
9.84
9.84
9.84
9.84
9.84
9.84
9.84
9.84
9.84
9.84
9.84
9.84
9.84
9.84
9.84
9.84
9.84
9.84
9.84
9.84
9.84
9.84
9.84
9.85
9.85
9.85
9.84
9.84
9.84
9.84
9.84
9.84
9.84
9.83
9.83
9.83
9.83
9.84
9.84
9.84
9.83
9.83
9.83
9.84
9.84
9.84
9.84
9.85
9.84
9.84
9.84
9.84
9.85
9.86
9.86
9.86
9.86
9.85
9.85
9.84
9.84
9.84
9.84
9.84
9.84
9.85
9.86
9.86
9.86
9.85
9.84
9.84
9.84
9.84
9.84
9.84
9.84
9.85
9.85
9.85
9.85
9.85
9.85
9.84
9.84
9.84
9.84
9.85
9.85
9.85
9.85
9.84
9.84
9.83
9.83
9.83
9.84
9.85
9.85
9.85
9.85
9.85
9.84
9.84
9.83
9.82
9.82
9.83
9.84
9.85
9.86
9.87
9.87
9.85
9.84
9.84
9.84
9.84
9.84
9.84
9.84
9.85
9.85
9.84
9.84
9.83
9.83
9.82
9.82
9.83
9.83
9.84
9.84
9.84
9.84
9.84
9.84
9.84
9.84
9.84
9.85
9.85
9.85
9.85
9.84
9.84
9.84
9.83
9.83
9.84
9.84
9.84
9.83
9.84
9.84
9.84
9.84
9.85
9.85
9.85
9.85
9.85
9.85
9.84
9.84
9.84
9.84
9.84
9.84
9.84
9.84
9.84
9.84
9.84
9.84
9.84
9.84
9.84
9.84
9.84
9.84
9.83
9.83
9.83
9.83
9.83
9.83
9.83
9.83
9.84
9.84
9.84
9.84
9.84
9.84
9.84
9.84
9.84
9.84
9.85
9.85
9.85
9.85
9.85
9.85
9.85
9.85
9.85
9.84
9.84
9.84
9.84
9.84
9.84
9.84
9.85
9.85
9.84
9.84
9.84
9.84
9.84
9.84
9.84
9.83
9.84
9.84
9.85
9.85
9.85
9.85
9.85
9.85
9.85
9.85
9.85
9.85
9.85
9.85
9.85
9.85
9.86
9.86
9.86
9.85
9.85
9.85
9.84
9.84
9.84
9.84
9.85
9.85
9.85
9.85
9.85
9.86
9.85
9.85
9.85
9.85
9.85
9.85
9.85
9.85
9.85
9.85
9.84
9.84
9.84
9.84
9.84
9.84
9.84
9.84
9.84
9.84
9.84
9.84
9.84
9.84
9.84
9.84
9.84
9.85
9.85
9.85
9.85
9.85
9.84
9.84
9.84
9.84
9.84
9.84
9.84
9.84
9.84
9.84
9.84
9.84
9.84
9.84
9.84
9.84
9.84
9.84
9.84
9.84
9.84
9.84
9.84
9.84
9.84
9.84
9.84
9.84
9.84
9.84
9.84
9.84
9.84
9.84
9.83
9.83
9.83
9.83
9.83
9.84
9.84
9.84
9.84
9.84
9.84
9.84
9.84
9.84
9.84
9.84
9.85
9.85
9.85
9.84
9.84
9.84
9.84
9.84
9.84
9.84
9.85
9.85
9.85
9.85
9.85
9.85
9.85
9.85
9.85
9.85
9.85
9.85
9.85
9.85
9.85
9.85
9.84
9.84
9.84
9.84
9.84
9.84
9.84
9.84
9.84
9.85
9.84
9.84
9.84
9.84
9.84
9.84
9.84
9.84
9.84
9.84
9.84
9.84
9.84
9.84
9.84
9.84
9.84
9.84
9.84
9.84
9.84
9.84
9.85
9.84
9.84
9.84
9.85
9.85
9.85
9.85
9.85
9.85
9.85
9.85
9.85
9.85
9.85
9.85
9.85
9.85
9.85
9.85
9.85
9.85
9.85
9.85
9.85
9.85
9.85
9.85
9.85
9.85
9.85
9.85
9.85
9.85
9.85
9.85
9.85
9.85
9.85
9.85
9.85
9.84
9.84
9.84
9.84
9.84
9.84
9.84
9.84
9.84
9.84
9.84
9.84
9.84
9.84
9.84
9.85
9.85
9.85
9.85
9.85
9.85
9.84
9.84
9.84
9.84
9.84
9.84
9.84
9.84
9.84
9.84
9.83
9.83
9.83
9.83
9.84
9.84
9.84
9.84
9.84
9.84
9.84
9.84
9.84
9.84
9.84
9.84
9.84
9.84
9.84
9.84
9.84
9.84
9.83
9.83
9.83
9.83
9.84
9.84
9.84
9.84
9.84
9.84
9.84
9.84
9.85
9.85
9.85
9.85
9.85
9.85
9.85
9.85
9.85
9.85
9.85
9.85
9.85
9.85
9.85
9.85
9.85
9.85
9.85
9.85
9.85
9.85
9.84
9.84
9.84
9.84
9.84
9.84
9.84
9.84
9.84
9.84
9.84
9.84
9.84
9.84
9.84
9.85
9.85
9.85
9.85
9.85
9.85
9.85
9.85
9.85
9.84
9.84
9.84
9.84
9.85
9.85
9.84
9.84
9.85
9.85
9.85
9.84
9.84
9.84
9.84
9.84
9.84
9.84
9.84
9.84
9.84
9.84
9.84
9.84
9.84
9.85
9.84
9.84
9.85
9.85
9.85
9.85
9.85
9.85
9.85
9.85
9.85
9.85
9.86
9.85
9.85
9.85
9.84
9.84
9.84
9.84
9.84
9.84
9.84
9.85
9.85
9.85
9.85
9.85
9.85
9.84
9.85
9.85
9.85
9.85
9.85
9.85
9.85
9.85
9.84
9.84
9.84
9.84
9.84
9.85
9.85
9.85
9.85
9.85
9.84
9.84
9.84
9.84
9.84
9.84
9.85
9.85
9.85
9.85
9.84
9.84
9.84
9.84
9.83
9.83
9.84
9.84
9.85
9.85
9.85
9.85
9.84
9.84
9.85
9.85
9.85
9.85
9.85
9.85
9.85
9.84
9.84
9.84
9.83
9.83
9.83
9.83
9.83
9.83
9.84
9.84
9.84
9.84
9.84
9.84
9.85
9.85
9.85
9.85
9.85
9.86
9.86
9.86
9.86
9.86
9.85
9.85
9.84
9.84
9.84
9.84
9.84
9.84
9.84
9.85
9.85
9.85
9.84
9.84
9.84
9.84
9.84
9.84
9.84
9.84
9.85
9.85
9.84
9.84
9.84
9.84
9.84
9.84
9.84
9.85
9.85
9.85
9.85
9.85
9.85
9.85
9.85
9.85
9.85
9.85
9.84
9.84
9.84
9.84
9.84
9.84
9.84
9.84
9.84
9.85
9.85
9.85
9.85
9.84
9.84
9.84
9.85
9.85
9.85
9.85
9.85
9.85
9.85
9.84
9.84
9.84
9.84
9.84
9.84
9.85
9.85
9.85
9.84
9.84
9.84
9.84
9.85
9.85
9.85
9.85
9.85
9.84
9.84
9.84
9.84
9.84
9.84
9.84
9.84
9.84
9.85
9.85
9.84
9.84
9.84
9.84
9.84
9.84
9.85
9.84
9.84
9.84
9.84
9.84
9.84
9.84
9.84
9.84
9.84
9.84
9.84
9.84
9.84
9.84
9.83
9.83
9.84
9.84
9.85
9.85
9.85
9.85
9.85
9.85
9.85
9.84
9.84
9.84
9.84
9.84
9.84
9.84
9.85
9.85
9.84
9.84
9.84
9.84
9.84
9.84
9.84
9.84
9.84
9.84
9.84
9.85
9.85
9.85
9.84
9.84
9.84
9.84
9.84
9.84
9.84
9.84
9.84
9.84
9.84
9.84
9.84
9.84
9.84
9.84
9.84
9.84
9.84
9.84
9.84
9.84
9.83
9.83
9.83
9.83
9.84
9.84
9.83
9.83
9.83
9.84
9.84
9.84
9.83
9.83
9.83
9.84
9.84
9.85
9.85
9.85
9.85
9.85
9.85
9.85
9.85
9.85
9.85
9.85
9.85
9.85
9.85
9.86
9.86
9.86
9.85
9.85
9.85
9.85
9.85
9.85
9.85
9.85
9.85
9.85
9.85
9.85
9.85
9.85
9.85
9.85
9.85
9.84
9.84
9.84
9.84
9.84
9.84
9.84
9.84
9.84
9.84
9.84
9.84
9.84
9.84
9.84
9.84
9.84
9.84
9.85
9.85
9.85
9.85
9.85
9.85
9.85
9.85
9.85
9.85
9.85
9.85
9.85
9.85
9.85
9.85
9.85
9.85
9.85
9.85
9.85
9.85
9.85
9.85
9.85
9.85
9.85
9.85
9.85
9.85
9.85
9.85
9.85
9.85
9.84
9.84
9.84
9.84
9.84
9.84
9.84
9.84
9.84
9.84
9.84
9.84
9.85
9.85
9.85
9.86
9.86
9.86
9.85
9.85
9.85
9.85
9.85
9.85
9.85
9.85
9.85
9.85
9.85
9.85
9.85
9.85
9.85
9.85
9.85
9.85
9.85
9.85
9.85
9.85
9.85
9.85
9.85
9.85
9.85
9.85
9.85
9.85
9.85
9.85
9.85
9.85
9.85
9.85
9.85
9.85
9.85
9.85
9.85
9.85
9.85
9.84
9.84
9.85
9.85
9.85
9.85
9.85
9.85
9.85
9.84
9.84
9.84
9.83
9.83
9.84
9.84
9.84
9.84
9.84
9.84
9.84
9.84
9.83
9.83
9.84
9.84
9.84
9.84
9.84
9.84
9.84
9.84
9.84
9.84
9.84
9.84
9.84
9.84
9.83
9.83
9.83
9.83
9.83
9.83
9.84
9.84
9.84
9.84
9.85
9.85
9.84
9.84
9.83
9.83
9.84
9.84
9.84
9.84
9.84
9.84
9.84
9.84
9.84
9.84
9.84
9.84
9.84
9.84
9.84
9.84
9.83
9.83
9.83
9.83
9.84
9.84
9.84
9.84
9.84
9.84
9.84
9.84
9.84
9.84
9.85
9.85
9.85
9.85
9.85
9.85
9.85
9.85
9.84
9.84
9.84
9.84
9.84
9.84
9.84
9.84
9.84
9.84
9.84
9.84
9.84
9.84
9.84
9.84
9.84
9.84
9.84
9.84
9.85
9.85
9.85
9.85
9.85
9.85
9.84
9.84
9.84
9.84
9.84
9.84
9.84
9.84
9.84
9.84
9.84
9.84
9.83
9.83
9.83
9.83
9.84
9.84
9.84
9.84
9.84
9.84
9.84
9.84
9.84
9.84
9.84
9.84
9.84
9.85
9.85
9.85
9.84
9.83
9.83
9.83
9.83
9.83
9.83
9.84
9.84
9.84
9.84
9.84
9.84
9.83
9.83
9.83
9.84
9.84
9.84
9.84
9.84
9.84
9.83
9.84
9.83
9.83
9.83
9.83
9.84
9.84
9.84
9.84
9.84
9.84
9.84
9.84
9.85
9.85
9.85
9.85
9.84
9.84
9.84
9.84
9.84
9.84
9.85
9.85
9.85
9.85
9.84
9.84
9.83
9.83
9.83
9.83
9.83
9.84
9.84
9.84
9.84
9.84
9.84
9.84
9.84
9.83
9.84
9.84
9.84
9.84
9.84
9.84
9.84
9.84
9.84
9.84
9.84
9.84
9.84
9.84
9.84
9.84
9.83
9.83
9.84
9.84
9.84
9.84
9.85
9.85
9.85
9.85
9.85
9.84
9.84
9.84
9.85
9.85
9.85
9.85
9.85
9.85
9.85
9.85
9.85
9.85
9.84
9.84
9.84
9.84
9.84
9.84
9.84
9.84
9.85
9.86
9.86
9.85
9.84
9.84
9.84
9.84
9.85
9.85
9.86
9.86
9.86
9.86
9.85
9.85
9.85
9.84
9.83
9.83
9.84
9.85
9.85
9.85
9.85
9.84
9.84
9.84
9.84
9.84
9.85
9.85
9.85
9.85
9.85
9.85
9.85
9.84
9.84
9.84
9.84
9.84
9.85
9.85
9.84
9.85
9.85
9.85
9.84
9.84
9.84
9.84
9.84
9.84
9.84
9.84
9.84
9.84
9.84
9.85
9.85
9.86
9.85
9.85
9.84
9.84
9.84
9.84
9.85
9.85
9.85
9.85
9.85
9.85
9.85
9.84
9.84
9.83
9.83
9.83
9.84
9.84
9.84
9.84
9.84
9.84
9.84
9.84
9.84
9.84
9.85
9.85
9.85
9.85
9.85
9.84
9.83
9.83
9.84
9.84
9.84
9.84
9.84
9.85
9.84
9.84
9.84
9.85
9.85
9.85
9.84
9.84
9.84
9.85
9.84
9.84
9.84
9.84
9.83
9.83
9.83
9.84
9.84
9.83
9.82
9.82
9.83
9.83
9.83
9.84
9.85
9.85
9.85
9.85
9.85
9.85
9.85
9.85
9.85
9.84
9.84
9.84
9.84
9.84
9.84
9.84
9.84
9.84
9.85
9.85
9.85
9.85
9.85
9.85
9.84
9.84
9.84
9.84
9.84
9.83
9.83
9.83
9.83
9.83
9.83
9.83
9.83
9.83
9.83
9.83
9.83
9.83
9.84
9.84
9.84
9.84
9.84
9.84
9.84
9.84
9.84
9.84
9.84
9.84
9.84
9.84
9.85
9.85
9.85
9.85
9.85
9.85
9.84
9.84
9.84
9.84
9.84
9.84
9.84
9.84
9.84
9.84
9.84
9.84
9.84
9.84
9.84
9.84
9.85
9.85
9.85
9.85
9.85
9.85
9.85
9.85
9.85
9.85
9.85
9.85
9.85
9.85
9.85
9.84
9.84
9.84
9.84
9.84
9.85
9.84
9.84
9.83
9.83
9.83
9.82
9.83
9.83
9.83
9.84
9.84
9.85
9.85
9.85
9.85
9.84
9.84
9.84
9.84
9.84
9.84
9.85
9.85
9.84
9.84
9.85
9.85
9.85
9.85
9.85
9.85
9.84
9.84
9.84
9.84
9.84
9.84
9.84
9.84
9.84
9.84
9.84
9.84
9.84
9.84
9.84
9.84
9.84
9.84
9.84
9.84
9.83
9.83
9.84
9.85
9.86
9.87
9.87
9.87
9.86
9.86
9.85
9.85
9.84
9.84
9.84
9.84
9.85
9.85
9.86
9.85
9.85
9.84
9.84
9.83
9.84
9.84
9.85
9.85
9.85
9.85
9.85
9.85
9.85
9.85
9.86
9.85
9.85
9.85
9.85
9.85
9.85
9.85
9.85
9.84
9.85
9.85
9.86
9.86
9.87
9.87
9.86
9.85
9.85
9.85
9.85
9.85
9.85
9.85
9.85
9.85
9.85
9.85
9.85
9.84
9.84
9.83
9.83
9.83
9.84
9.84
9.85
9.85
9.85
9.85
9.85
9.85
9.85
9.85
9.85
9.84
9.84
9.84
9.85
9.85
9.86
9.86
9.85
9.85
9.85
9.85
9.84
9.84
9.84
9.84
9.84
9.84
9.84
9.85
9.85
9.86
9.85
9.85
9.86
9.86
9.86
9.85
9.85
9.85
9.85
9.85
9.85
9.85
9.85
9.85
9.86
9.85
9.85
9.85
9.85
9.85
9.85
9.85
9.85
9.85
9.85
9.85
9.85
9.85
9.85
9.85
9.85
9.85
9.84
9.84
9.84
9.84
9.84
9.84
9.84
9.85
9.85
9.85
9.85
9.85
9.84
9.84
9.84
9.84
9.84
9.84
9.84
9.84
9.84
9.84
9.84
9.84
9.84
9.84
9.84
9.84
9.84
9.84
9.84
9.84
9.84
9.84
9.84
9.84
9.85
9.85
9.85
9.85
9.85
9.85
9.85
9.85
9.85
9.85
9.85
9.85
9.86
9.86
9.86
9.86
9.86
9.86
9.86
9.86
9.85
9.85
9.84
9.84
9.84
9.85
9.85
9.86
9.85
9.85
9.85
9.85
9.84
9.84
9.85
9.85
9.85
9.85
9.85
9.85
9.85
9.85
9.84
9.84
9.84
9.84
9.84
9.84
9.84
9.84
9.84
9.84
9.83
9.83
9.83
9.83
9.84
9.84
9.84
9.84
9.84
9.84
9.84
9.84
9.84
9.84
9.84
9.84
9.85
9.85
9.85
9.86
9.85
9.85
9.85
9.85
9.85
9.85
9.85
9.85
9.85
9.85
9.85
9.85
9.85
9.85
9.85
9.85
9.85
9.85
9.85
9.85
9.85
9.85
9.85
9.85
9.84
9.84
9.84
9.84
9.84
9.84
9.83
9.83
9.83
9.83
9.83
9.83
9.83
9.84
9.84
9.84
9.85
9.85
9.85
9.85
9.85
9.85
9.85
9.85
9.85
9.85
9.86
9.86
9.85
9.85
9.85
9.85
9.85
9.85
9.85
9.85
9.85
9.85
9.85
9.85
9.85
9.85
9.85
9.85
9.85
9.85
9.84
9.84
9.84
9.84
9.84
9.84
9.84
9.84
9.84
9.84
9.84
9.84
9.84
9.84
9.84
9.84
9.85
9.84
9.84
9.84
9.84
9.84
9.84
9.84
9.84
9.84
9.85
9.84
9.84
9.84
9.84
9.84
9.84
9.84
9.85
9.85
9.84
9.84
9.84
9.84
9.85
9.85
9.85
9.84
9.84
9.84
9.84
9.84
9.84
9.84
9.84
9.84
9.84
9.84
9.84
9.84
9.84
9.84
9.84
9.84
9.84
9.84
9.84
9.84
9.84
9.84
9.83
9.83
9.83
9.83
9.83
9.83
9.83
9.83
9.83
9.83
9.84
9.84
9.84
9.84
9.84
9.84
9.84
9.84
9.84
9.84
9.84
9.84
9.84
9.84
9.83
9.83
9.83
9.83
9.83
9.83
9.83
9.83
9.83
9.84
9.83
9.83
9.84
9.84
9.84
9.84
9.84
9.84
9.85
9.85
9.85
9.85
9.85
9.85
9.85
9.84
9.84
9.84
9.84
9.84
9.84
9.84
9.84
9.84
9.84
9.84
9.84
9.84
9.84
9.83
9.84
9.84
9.84
9.84
9.84
9.84
9.84
9.84
9.84
9.84
9.84
9.84
9.84
9.84
9.85
9.85
9.85
9.85
9.85
9.85
9.85
9.85
9.84
9.84
9.84
9.84
9.84
9.84
9.84
9.84
9.84
9.84
9.84
9.85
9.84
9.85
9.85
9.85
9.85
9.85
9.84
9.84
9.84
9.84
9.85
9.85
9.85
9.84
9.84
9.84
9.84
9.84
9.84
9.84
9.84
9.83
9.84
9.84
9.85
9.85
9.85
9.85
9.85
9.85
9.85
9.85
9.85
9.85
9.84
9.84
9.83
9.83
9.83
9.83
9.83
9.82
9.82
9.82
9.83
9.83
9.83
9.83
9.83
9.83
9.84
9.84
9.85
9.86
9.85
9.85
9.85
9.85
9.85
9.85
9.85
9.85
9.85
9.85
9.85
9.85
9.85
9.85
9.84
9.84
9.84
9.84
9.84
9.85
9.85
9.85
9.85
9.85
9.85
9.85
9.84
9.84
9.84
9.84
9.85
9.85
9.85
9.85
9.85
9.85
9.85
9.85
9.85
9.84
9.85
9.85
9.86
9.86
9.86
9.85
9.85
9.85
9.84
9.84
9.84
9.84
9.84
9.84
9.85
9.85
9.85
9.84
9.84
9.84
9.84
9.84
9.85
9.85
9.86
9.85
9.85
9.85
9.85
9.85
9.84
9.84
9.85
9.85
9.85
9.85
9.85
9.85
9.84
9.84
9.84
9.84
9.85
9.85
9.85
9.85
9.85
9.85
9.85
9.85
9.85
9.85
9.85
9.85
9.85
9.85
9.84
9.84
9.84
9.84
9.84
9.84
9.84
9.84
9.84
9.84
9.84
9.84
9.84
9.84
9.84
9.84
9.85
9.85
9.85
9.85
9.84
9.84
9.84
9.84
9.85
9.85
9.85
9.85
9.85
9.85
9.84
9.84
9.84
9.84
9.85
9.85
9.85
9.85
9.85
9.85
9.85
9.85
9.85
9.86
9.86
9.86
9.86
9.86
9.86
9.86
9.86
9.86
9.86
9.86
9.86
9.86
9.86
9.86
9.86
9.86
9.85
9.85
9.85
9.85
9.84
9.84
9.83
9.83
9.82
9.82
9.82
9.82
9.82
9.83
9.84
9.84
9.84
9.85
9.85
9.85
9.85
9.86
9.86
9.86
9.86
9.87
9.89
9.89
9.89
9.89
9.88
9.87
9.86
9.86
9.86
9.86
9.86
9.86
9.86
9.86
9.87
9.88
9.87
9.86
9.84
9.82
9.84
9.84
9.85
9.85
9.86
9.86
9.85
9.84
9.86
9.87
9.85
9.84
9.82
9.83
9.84
9.84
9.85
9.84
9.83
9.83
9.84
9.84
9.83
9.84
9.84
9.83
9.83
9.84
9.85
9.85
9.85
9.85
9.85
9.85
9.85
9.85
9.84
9.84
9.84
9.84
9.84
9.84
9.85
9.84
9.84
9.84
9.83
9.83
9.84
9.84
9.84
9.84
9.85
9.85
9.85
9.85
9.84
9.84
9.84
9.84
9.84
9.84
9.84
9.84
9.85
9.84
9.84
9.84
9.84
9.84
9.84
9.84
9.84
9.84
9.85
9.85
9.85
9.85
9.85
9.85
9.85
9.85
9.85
9.85
9.85
9.84
9.84
9.84
9.84
9.84
9.84
9.84
9.84
9.84
9.84
9.84
9.84
9.84
9.84
9.84
9.84
9.84
9.85
9.85
9.85
9.85
9.84
9.85
9.86
9.86
9.85
9.85
9.86
9.86
9.85
9.85
9.85
9.85
9.84
9.85
9.85
9.85
9.85
9.85
9.84
9.84
9.84
9.84
9.84
9.85
9.85
9.85
9.85
9.85
9.85
9.85
9.85
9.85
9.85
9.85
9.85
9.85
9.85
9.85
9.85
9.85
9.85
9.85
9.85
9.85
9.85
9.85
9.85
9.85
9.85
9.85
9.85
9.85
9.85
9.85
9.85
9.85
9.84
9.84
9.84
9.84
9.84
9.84
9.84
9.85
9.85
9.85
9.85
9.85
9.84
9.84
9.84
9.84
9.84
9.84
9.84
9.84
9.85
9.85
9.85
9.84
9.84
9.84
9.84
9.84
9.85
9.85
9.85
9.85
9.85
9.85
9.84
9.84
9.85
9.85
9.85
9.85
9.85
9.85
9.85
9.85
9.84
9.84
9.84
9.85
9.84
9.84
9.85
9.85
9.85
9.84
9.84
9.84
9.84
9.84
9.84
9.84
9.84
9.84
9.84
9.84
9.84
9.84
9.84
9.84
9.84
9.84
9.80
9.78
9.75
9.79
9.85
9.89
9.91
9.91
9.88
9.86
9.84
9.83
9.76
9.74
9.69
9.77
9.89
9.92
9.96
9.96
9.89
9.86
9.75
9.74
9.74
9.76
9.79
9.81
9.86
9.89
9.93
9.95
9.79
9.78
9.76
9.78
9.79
9.80
9.83
9.85
9.87
9.87
9.86
9.86
9.83
9.83
9.84
9.85
9.87
9.88
9.88
9.89
9.87
9.87
9.84
9.83
9.81
9.81
9.82
9.82
9.84
9.86
9.87
9.87
9.86
9.86
9.84
9.83
9.82
9.82
9.83
9.83
9.85
9.86
9.87
9.87
9.87
9.87
9.86
9.86
9.84
9.84
9.83
9.83
9.83
9.83
9.83
9.84
9.84
9.85
9.85
9.85
9.85
9.85
9.85
9.84
9.84
9.84
9.84
9.84
9.84
9.84
9.84
9.85
9.85
9.85
9.85
9.85
9.85
9.84
9.83
9.83
9.83
9.83
9.83
9.83
9.84
9.84
9.85
9.85
9.85
9.84
9.84
9.84
9.83
9.83
9.84
9.84
9.84
9.84
9.84
9.84
9.84
9.84
9.84
9.84
9.84
9.84
9.84
9.84
9.84
9.84
9.84
9.84
9.84
9.84
9.84
9.84
9.84
9.85
9.85
9.84
9.84
9.84
9.84
9.84
9.84
9.84
9.84
9.84
9.84
9.84
9.85
9.85
9.85
9.85
9.85
9.85
9.84
9.84
9.84
9.84
9.84
9.84
9.84
9.84
9.84
9.84
9.84
9.84
9.84
9.84
9.84
9.84
9.84
9.84
9.84
9.84
9.85
9.85
9.85
9.85
9.85
9.85
9.85
9.85
9.85
9.85
9.85
9.84
9.84
9.84
9.84
9.84
9.84
9.84
9.84
9.84
9.84
9.84
9.84
9.84
9.85
9.85
9.85
9.85
9.85
9.84
9.84
9.84
9.84
9.84
9.84
9.84
9.84
9.84
9.84
9.84
9.84
9.84
9.84
9.84
9.84
9.84
9.84
9.84
9.84
9.84
9.84
9.84
9.84
9.84
9.84
9.84
9.84
9.84
9.84
9.84
9.84
9.84
9.84
9.84
9.84
9.84
9.84
9.84
9.85
9.84
9.84
9.84
9.84
9.84
9.84
9.85
9.85
9.85
9.85
9.85
9.85
9.85
9.85
9.85
9.85
9.85
9.85
9.85
9.85
9.85
9.84
9.84
9.83
9.83
9.83
9.83
9.83
9.84
9.84
9.84
9.84
9.84
9.85
9.85
9.85
9.85
9.85
9.85
9.86
9.86
9.86
9.86
9.86
9.86
9.86
9.86
9.85
9.85
9.85
9.84
9.84
9.84
9.84
9.84
9.84
9.84
9.83
9.83
9.83
9.83
9.84
9.84
9.84
9.84
9.84
9.84
9.84
9.84
9.83
9.83
9.84
9.84
9.85
9.85
9.86
9.86
9.85
9.85
9.84
9.84
9.84
9.84
9.84
9.84
9.84
9.84
9.84
9.84
9.84
9.84
9.84
9.84
9.84
9.84
9.84
9.84
9.85
9.85
9.85
9.85
9.85
9.85
9.85
9.86
9.85
9.85
9.85
9.84
9.84
9.84
9.83
9.83
9.83
9.83
9.84
9.84
9.84
9.84
9.84
9.84
9.84
9.84
9.84
9.84
9.84
9.84
9.84
9.84
9.84
9.84
9.84
9.85
9.85
9.85
9.85
9.85
9.85
9.84
9.84
9.84
9.84
9.84
9.84
9.84
9.84
9.84
9.84
9.84
9.84
9.84
9.84
9.84
9.84
9.84
9.84
9.84
9.84
9.85
9.85
9.84
9.84
9.84
9.84
9.84
9.84
9.84
9.84
9.83
9.84
9.84
9.84
9.84
9.84
9.84
9.84
9.84
9.84
9.84
9.84
9.85
9.85
9.85
9.85
9.85
9.85
9.85
9.85
9.84
9.84
9.84
9.84
9.84
9.84
9.84
9.84
9.84
9.83
9.83
9.83
9.83
9.84
9.84
9.83
9.84
9.84
9.84
9.83
9.83
9.84
9.85
9.86
9.86
9.86
9.86
9.85
9.85
9.84
9.84
9.83
9.83
9.84
9.84
9.85
9.85
9.85
9.85
9.84
9.83
9.83
9.83
9.83
9.83
9.83
9.84
9.85
9.85
9.85
9.85
9.85
9.85
9.85
9.85
9.85
9.85
9.85
9.84
9.84
9.84
9.84
9.84
9.84
9.84
9.84
9.84
9.84
9.84
9.84
9.84
9.83
9.83
9.83
9.83
9.84
9.84
9.84
9.84
9.84
9.85
9.85
9.85
9.84
9.84
9.84
9.84
9.84
9.84
9.84
9.84
9.85
9.85
9.85
9.85
9.85
9.85
9.85
9.85
9.86
9.86
9.86
9.86
9.86
9.85
9.85
9.85
9.85
9.85
9.85
9.85
9.85
9.85
9.85
9.85
9.85
9.84
9.84
9.84
9.84
9.85
9.85
9.85
9.85
9.85
9.85
9.84
9.84
9.84
9.85
9.85
9.85
9.85
9.85
9.85
9.85
9.85
9.85
9.85
9.85
9.84
9.85
9.85
9.86
9.85
9.84
9.83
9.83
9.83
9.83
9.83
9.84
9.84
9.83
9.83
9.84
9.84
9.84
9.84
9.83
9.83
9.83
9.83
9.84
9.84
9.84
9.84
9.83
9.83
9.82
9.81
9.83
9.83
9.85
9.85
9.87
9.87
9.87
9.87
9.86
9.86
9.84
9.83
9.82
9.82
9.83
9.84
9.85
9.85
9.84
9.84
9.83
9.82
9.83
9.83
9.82
9.83
9.83
9.84
9.84
9.84
9.84
9.85
9.83
9.83
9.83
9.83
9.83
9.83
9.82
9.82
9.83
9.83
9.84
9.84
9.84
9.84
9.84
9.84
9.84
9.84
9.84
9.84
9.83
9.83
9.83
9.83
9.83
9.83
9.83
9.83
9.83
9.83
9.83
9.84
9.84
9.84
9.84
9.84
9.83
9.83
9.83
9.83
9.84
9.84
9.84
9.84
9.84
9.84
9.84
9.84
9.84
9.84
9.84
9.84
9.85
9.85
9.85
9.85
9.84
9.84
9.83
9.83
9.83
9.83
9.83
9.83
9.83
9.83
9.83
9.83
9.83
9.83
9.83
9.83
9.83
9.83
9.84
9.85
9.85
9.85
9.85
9.85
9.84
9.84
9.84
9.83
9.83
9.83
9.83
9.83
9.83
9.83
9.83
9.82
9.82
9.82
9.82
9.83
9.84
9.85
9.86
9.86
9.87
9.86
9.85
9.85
9.84
9.84
9.84
9.84
9.85
9.86
9.87
9.87
9.87
9.86
9.86
9.86
9.86
9.86
9.88
9.88
9.88
9.88
9.88
9.87
9.86
9.84
9.83
9.82
9.82
9.82
9.81
9.81
9.81
9.81
9.81
9.80
9.81
9.81
9.81
9.81
9.82
9.83
9.85
9.85
9.85
9.84
9.84
9.84
9.83
9.82
9.82
9.82
9.83
9.83
9.84
9.84
9.83
9.83
9.83
9.83
9.84
9.84
9.84
9.84
9.85
9.86
9.87
9.87
9.87
9.87
9.87
9.87
9.86
9.86
9.86
9.85
9.85
9.85
9.85
9.86
9.87
9.87
9.87
9.88
9.88
9.87
9.87
9.86
9.85
9.84
9.84
9.84
9.85
9.85
9.86
9.85
9.84
9.84
9.83
9.83
9.82
9.82
9.82
9.83
9.84
9.85
9.86
9.87
9.88
9.87
9.86
9.86
9.85
9.85
9.84
9.84
9.83
9.83
9.83
9.83
9.84
9.84
9.84
9.84
9.84
9.84
9.84
9.84
9.84
9.84
9.85
9.85
9.84
9.84
9.84
9.83
9.84
9.84
9.84
9.83
9.83
9.83
9.83
9.83
9.83
9.84
9.84
9.84
9.85
9.85
9.84
9.84
9.83
9.83
9.83
9.83
9.83
9.83
9.84
9.84
9.85
9.85
9.85
9.85
9.84
9.84
9.84
9.85
9.86
9.86
9.86
9.86
9.85
9.85
9.84
9.84
9.83
9.83
9.83
9.83
9.83
9.83
9.82
9.82
9.81
9.80
9.80
9.80
9.82
9.83
9.85
9.85
9.85
9.85
9.85
9.85
9.84
9.84
9.84
9.84
9.85
9.86
9.87
9.87
9.86
9.85
9.84
9.84
9.84
9.84
9.84
9.84
9.84
9.85
9.86
9.86
9.86
9.86
9.85
9.85
9.84
9.84
9.84
9.84
9.84
9.83
9.83
9.82
9.82
9.82
9.83
9.83
9.84
9.84
9.85
9.86
9.87
9.88
9.87
9.87
9.85
9.84
9.83
9.83
9.83
9.83
9.83
9.84
9.85
9.85
9.85
9.84
9.82
9.82
9.81
9.81
9.82
9.83
9.84
9.84
9.85
9.85
9.85
9.84
9.83
9.83
9.83
9.83
9.83
9.83
9.83
9.84
9.84
9.84
9.84
9.84
9.84
9.84
9.85
9.85
9.84
9.84
9.84
9.84
9.85
9.85
9.85
9.85
9.85
9.85
9.85
9.85
9.85
9.85
9.85
9.84
9.84
9.84
9.85
9.85
9.85
9.84
9.84
9.84
9.84
9.84
9.83
9.83
9.83
9.83
9.83
9.84
9.84
9.84
9.84
9.84
9.84
9.84
9.84
9.84
9.84
9.84
9.84
9.84
9.85
9.85
9.85
9.85
9.84
9.84
9.84
9.85
9.85
9.85
9.85
9.85
9.85
9.86
9.86
9.86
9.86
9.86
9.85
9.85
9.85
9.84
9.84
9.84
9.84
9.84
9.84
9.84
9.84
9.84
9.84
9.84
9.84
9.84
9.84
9.84
9.85
9.85
9.85
9.85
9.85
9.84
9.84
9.84
9.84
9.85
9.85
9.84
9.84
9.84
9.84
9.84
9.84
9.84
9.85
9.85
9.86
9.86
9.86
9.86
9.85
9.85
9.85
9.84
9.84
9.84
9.84
9.84
9.84
9.84
9.84
9.84
9.84
9.84
9.85
9.85
9.85
9.85
9.85
9.85
9.85
9.85
9.85
9.85
9.84
9.84
9.84
9.84
9.84
9.84
9.84
9.84
9.84
9.84
9.84
9.84
9.84
9.84
9.84
9.84
9.84
9.84
9.84
9.84
9.84
9.84
9.84
9.84
9.84
9.84
9.84
9.84
9.85
9.85
9.85
9.85
9.84
9.84
9.84
9.84
9.84
9.84
9.84
9.84
9.84
9.84
9.84
9.84
9.83
9.83
9.83
9.83
9.84
9.84
9.84
9.84
9.84
9.84
9.84
9.84
9.84
9.84
9.84
9.85
9.85
9.85
9.85
9.84
9.84
9.83
9.83
9.83
9.83
9.84
9.84
9.84
9.84
9.85
9.85
9.85
9.85
9.85
9.85
9.86
9.86
9.86
9.86
9.86
9.86
9.85
9.85
9.84
9.84
9.84
9.84
9.83
9.83
9.83
9.84
9.84
9.85
9.85
9.85
9.85
9.85
9.85
9.86
9.86
9.86
9.86
9.86
9.86
9.86
9.85
9.85
9.85
9.84
9.84
9.83
9.83
9.83
9.84
9.84
9.84
9.84
9.84
9.84
9.84
9.84
9.84
9.84
9.84
9.84
9.83
9.83
9.84
9.84
9.84
9.84
9.84
9.84
9.84
9.85
9.85
9.85
9.85
9.85
9.85
9.85
9.85
9.85
9.85
9.85
9.84
9.85
9.85
9.85
9.85
9.85
9.84
9.84
9.84
9.84
9.84
9.84
9.84
9.84
9.84
9.84
9.84
9.85
9.85
9.85
9.85
9.85
9.85
9.85
9.85
9.85
9.85
9.85
9.85
9.85
9.85
9.85
9.85
9.85
9.85
9.85
9.85
9.84
9.84
9.84
9.84
9.84
9.84
9.84
9.84
9.83
9.83
9.83
9.83
9.83
9.84
9.84
9.84
9.84
9.84
9.84
9.84
9.85
9.85
9.85
9.85
9.85
9.85
9.84
9.84
9.84
9.84
9.83
9.83
9.84
9.84
9.84
9.84
9.84
9.84
9.84
9.84
9.84
9.84
9.84
9.84
9.85
9.85
9.86
9.86
9.86
9.86
9.86
9.86
9.87
9.87
9.87
9.87
9.87
9.87
9.88
9.88
9.87
9.87
9.86
9.86
9.85
9.84
9.84
9.85
9.84
9.83
9.82
9.82
9.83
9.83
9.83
9.83
9.84
9.84
9.84
9.85
9.85
9.85
9.86
9.85
9.83
9.83
9.84
9.85
9.85
9.85
9.84
9.84
9.83
9.83
9.84
9.83
9.83
9.83
9.83
9.84
9.84
9.84
9.84
9.84
9.83
9.82
9.80
9.80
9.80
9.81
9.81
9.81
9.83
9.84
9.86
9.86
9.87
9.87
9.87
9.86
9.85
9.85
9.86
9.87
9.87
9.87
9.87
9.87
9.86
9.85
9.83
9.83
9.83
9.83
9.84
9.85
9.86
9.87
9.88
9.88
9.88
9.88
9.89
9.89
9.89
9.88
9.88
9.88
9.88
9.88
9.87
9.86
9.83
9.81
9.82
9.82
9.82
9.82
9.83
9.83
9.83
9.83
9.82
9.82
9.82
9.82
9.80
9.81
9.83
9.84
9.86
9.85
9.85
9.84
9.83
9.83
9.83
9.83
9.84
9.84
9.84
9.84
9.84
9.84
9.84
9.83
9.83
9.83
9.83
9.84
9.84
9.84
9.85
9.85
9.84
9.84
9.84
9.84
9.85
9.85
9.85
9.86
9.86
9.86
9.86
9.86
9.85
9.85
9.85
9.85
9.85
9.85
9.84
9.84
9.84
9.85
9.85
9.84
9.84
9.84
9.84
9.84
9.84
9.84
9.85
9.85
9.84
9.84
9.85
9.85
9.85
9.85
9.84
9.84
9.84
9.84
9.85
9.85
9.85
9.85
9.85
9.85
9.85
9.85
9.85
9.84
9.84
9.84
9.84
9.84
9.84
9.84
9.84
9.84
9.83
9.84
9.84
9.84
9.84
9.84
9.84
9.84
9.84
9.84
9.84
9.84
9.84
9.84
9.84
9.84
9.85
9.85
9.84
9.84
9.84
9.84
9.84
9.84
9.84
9.84
9.84
9.85
9.85
9.85
9.85
9.85
9.84
9.84
9.84
9.84
9.84
9.84
9.85
9.85
9.85
9.85
9.85
9.85
9.84
9.84
9.84
9.84
9.84
9.84
9.84
9.84
9.84
9.84
9.84
9.84
9.84
9.84
9.84
9.84
9.84
9.84
9.84
9.84
9.85
9.85
9.85
9.85
9.85
9.85
9.85
9.85
9.85
9.85
9.85
9.85
9.84
9.84
9.84
9.84
9.84
9.84
9.84
9.84
9.84
9.84
9.85
9.85
9.85
9.85
9.85
9.85
9.85
9.85
9.85
9.85
9.85
9.85
9.85
9.85
9.85
9.85
9.85
9.85
9.85
9.85
9.85
9.85
9.85
9.85
9.85
9.85
9.85
9.85
9.85
9.85
9.85
9.85
9.85
9.85
9.85
9.85
9.85
9.85
9.85
9.86
9.85
9.85
9.85
9.85
9.85
9.85
9.85
9.85
9.85
9.85
9.84
9.84
9.84
9.84
9.84
9.84
9.84
9.84
9.84
9.85
9.85
9.85
9.84
9.85
9.85
9.85
9.85
9.85
9.84
9.84
9.84
9.84
9.84
9.84
9.85
9.85
9.85
9.85
9.85
9.85
9.85
9.85
9.85
9.85
9.85
9.85
9.85
9.85
9.85
9.85
9.84
9.84
9.84
9.84
9.84
9.84
9.84
9.84
9.84
9.84
9.84
9.84
9.84
9.85
9.85
9.85
9.85
9.85
9.85
9.85
9.85
9.85
9.85
9.85
9.85
9.85
9.85
9.85
9.85
9.84
9.84
9.84
9.84
9.84
9.84
9.84
9.84
9.84
9.84
9.84
9.84
9.85
9.85
9.85
9.85
9.85
9.85
9.85
9.85
9.85
9.85
9.85
9.85
9.85
9.85
9.86
9.85
9.85
9.85
9.84
9.84
9.84
9.84
9.84
9.85
9.85
9.85
9.85
9.85
9.85
9.84
9.85
9.85
9.85
9.85
9.85
9.85
9.85
9.85
9.85
9.84
9.83
9.81
9.81
9.84
9.87
9.86
9.86
9.85
9.84
9.84
9.84
9.84
9.84
9.83
9.83
9.84
9.84
9.86
9.86
9.86
9.83
9.79
9.80
9.82
9.83
9.84
9.85
9.85
9.84
9.85
9.85
9.85
9.84
9.83
9.83
9.83
9.84
9.84
9.85
9.85
9.85
9.84
9.84
9.83
9.83
9.83
9.83
9.84
9.84
9.85
9.85
9.86
9.85
9.85
9.85
9.85
9.85
9.84
9.84
9.84
9.84
9.84
9.84
9.84
9.84
9.84
9.84
9.84
9.84
9.85
9.85
9.85
9.85
9.85
9.86
9.86
9.86
9.86
9.86
9.86
9.85
9.85
9.85
9.85
9.85
9.84
9.84
9.84
9.84
9.84
9.84
9.84
9.84
9.84
9.84
9.84
9.84
9.84
9.84
9.84
9.84
9.84
9.84
9.84
9.84
9.84
9.84
9.84
9.84
9.84
9.84
9.84
9.85
9.85
9.85
9.85
9.85
9.85
9.85
9.85
9.85
9.85
9.84
9.84
9.84
9.84
9.84
9.85
9.85
9.85
9.85
9.85
9.85
9.85
9.85
9.84
9.84
9.84
9.84
9.84
9.84
9.84
9.84
9.84
9.85
9.84
9.84
9.84
9.84
9.84
9.84
9.85
9.85
9.85
9.85
9.84
9.84
9.84
9.84
9.85
9.85
9.85
9.85
9.85
9.85
9.85
9.85
9.84
9.84
9.85
9.85
9.85
9.86
9.86
9.86
9.85
9.84
9.84
9.84
9.85
9.85
9.86
9.86
9.86
9.86
9.86
9.86
9.84
9.84
9.84
9.84
9.85
9.85
9.85
9.84
9.84
9.83
9.83
9.83
9.83
9.83
9.83
9.82
9.82
9.82
9.82
9.82
9.79
9.78
9.82
9.84
9.89
9.88
9.88
9.87
9.85
9.85
9.83
9.83
9.83
9.83
9.84
9.85
9.87
9.89
9.89
9.87
9.84
9.82
9.83
9.83
9.85
9.85
9.85
9.85
9.86
9.87
9.88
9.88
9.86
9.85
9.83
9.83
9.82
9.82
9.81
9.82
9.82
9.82
9.83
9.84
9.84
9.84
9.85
9.84
9.85
9.85
9.85
9.85
9.85
9.85
9.85
9.85
9.84
9.77
9.62
9.61
9.73
9.85
9.99
10.00
9.92
9.89
9.90
9.89
9.87
9.85
9.81
9.81
9.82
9.83
9.97
10.03
10.06
9.93
9.69
9.69
9.73
9.76
9.79
9.78
9.80
9.81
9.85
9.87
9.87
9.86
9.85
9.86
9.87
9.87
9.87
9.88
9.86
9.85
9.85
9.84
9.83
9.82
9.81
9.81
9.82
9.82
9.84
9.84
9.86
9.86
9.86
9.85
9.85
9.85
9.84
9.84
9.84
9.84
9.85
9.85
9.86
9.86
9.85
9.85
9.84
9.84
9.84
9.84
9.83
9.83
9.84
9.84
9.86
9.86
9.87
9.86
9.86
9.86
9.86
9.86
9.87
9.87
9.86
9.86
9.85
9.85
9.84
9.84
9.84
9.84
9.85
9.85
9.86
9.87
9.87
9.87
9.85
9.84
9.82
9.81
9.80
9.79
9.82
9.84
9.88
9.89
9.89
9.89
9.88
9.87
9.84
9.83
9.83
9.83
9.83
9.84
9.86
9.87
9.88
9.88
9.85
9.83
9.81
9.81
9.80
9.81
9.83
9.84
9.85
9.85
9.86
9.87
9.87
9.87
9.87
9.86
9.86
9.86
9.85
9.85
9.85
9.85
9.84
9.84
9.84
9.84
9.84
9.85
9.85
9.85
9.85
9.84
9.84
9.84
9.83
9.83
9.83
9.83
9.83
9.83
9.84
9.84
9.83
9.83
9.83
9.83
9.83
9.83
9.83
9.83
9.83
9.83
9.84
9.83
9.84
9.84
9.84
9.84
9.84
9.85
9.85
9.85
9.84
9.84
9.83
9.83
9.82
9.82
9.82
9.83
9.84
9.84
9.85
9.85
9.85
9.85
9.85
9.85
9.84
9.84
9.85
9.85
9.85
9.85
9.86
9.86
9.85
9.85
9.85
9.84
9.84
9.84
9.84
9.84
9.84
9.83
9.84
9.84
9.84
9.84
9.84
9.84
9.84
9.84
9.84
9.84
9.84
9.84
9.84
9.84
9.84
9.84
9.84
9.84
9.85
9.85
9.85
9.85
9.85
9.85
9.84
9.84
9.84
9.84
9.85
9.85
9.85
9.85
9.85
9.85
9.85
9.85
9.84
9.84
9.84
9.84
9.84
9.84
9.84
9.84
9.84
9.84
9.84
9.84
9.84
9.84
9.84
9.85
9.85
9.85
9.85
9.84
9.85
9.85
9.85
9.85
9.85
9.85
9.85
9.85
9.85
9.85
9.85
9.85
9.85
9.85
9.85
9.85
9.85
9.85
9.85
9.85
9.85
9.84
9.84
9.84
9.84
9.84
9.84
9.84
9.85
9.85
9.85
9.85
9.85
9.85
9.85
9.85
9.85
9.85
9.85
9.85
9.85
9.85
